# AT FRAME 61

A = [1.8 -0.9 -0.7, 1.0]
B = [1.8 0.9 -0.7, 1.0]
C = [-1.8 0.9 -0.7, 1.0]
D = [-1.8 -0.9 -0.7, 1.0]

T_Box = [1.00000   0.00000   0.00000   0.00000;   0.00000   1.00000   0.00000   0.00000;   0.00000   0.00000   1.00000   0.70000;   0.00000   0.00000   0.00000   1.00000]

T_WV = [0.01935034990310669, 0.9998127818107605, 0.0, 4.926102638244629; -0.9998127818107605, 0.01935034990310669, 0.0, 40.57860565185547; 0.0, -0.0, 1.0, 0.028237590566277504; 0.0, 0.0, 0.0, 1.0]

# from infra
T_WCw = [-4.10752676316406e-08, -1.0, -1.4950174431760388e-08, 0.0; 0.9396926164627075, -4.371138828673793e-08, 0.3420201241970062, 0.0; -0.3420201241970062, -0.0, 0.9396926164627075, 13.0; 0.0, 0.0, 0.0, 1.0]

#T_CCw = [0 0 -1 0; 1 0 0 0; 0 -1 0 0; 0 0 0 1]
#T_CCw = [1 0 0 0; 0 0 1 0; 0 -1 0 0; 0 0 0 1]
#T_CCw = [0 0 1 0; 1 0 0 0; 0 -1 0 0; 0 0 0 1]

T_CCw = [0   1   0   0; 0   0  -1   0; 1   0   0   0; 0   0   0   1]
#T_CCw = [0   0   -1   0; 0   1  0   0; 1   0   0   0; 0   0   0   1]

k = [692.0000000000001, 0.0, 692.0; 0.0, 692.0000000000001, 516.0; 0.0, 0.0, 1.0]

a = k * ((T_CCw * T_WCw^-1 * T_WV * T_Box * A')([1, 2, 3]))
a = a / a(3)

b = k * ((T_CCw * T_WCw^-1 * T_WV * T_Box * B')([1, 2, 3]))
b = b / b(3)

c = k * ((T_CCw * T_WCw^-1 * T_WV * T_Box * C')([1, 2, 3]))
c = c / c(3)

d = k * ((T_CCw * T_WCw^-1 * T_WV * T_Box * D')([1, 2, 3]))
d = d / d(3)